0.4 0 0
0.4 0.5 0
0 0.5 0
0 0 0
0.4 0 0
0.4 0 0.08
0.4 0.5 0.08
0.4 0.5 0
0.4 0 0
0.4 0 0.08
0 0 0.08
0 0 0
0 0 0
0 0 0.08
0 0.5 0.08
0 0.5 0
0 0.5 0
0 0.5 0.08
0.4 0.5 0.08
0.4 0.5 0
0.4 0.5 0.08
0 0.5 0.08
0 0 0.08
0.4 0 0.08

0.4 0 0.08
0.4 0.1 0.08
0 0.1 0.08
0 0 0.08
0.4 0 0.08
0.4 0 0.14
0 0 0.14
0 0 0.08
0.4 0 0.08
0.4 0 0.14
0.4 0.1 0.14
0.4 0.1 0.08
0.4 0.1 0.08
0.4 0.1 0.14
0 0.1 0.14
0 0.1 0.08
0 0.1 0.08
0 0.1 0.14
0 0 0.14
0 0 0.08
0.4 0 0.14
0.4 0.1 0.14
0 0.1 0.14
0 0 0.14

0.4 0 0.14
0.4 0 0.17
0.3 0 0.17
0.3 0 0.14
0.4 0 0.14
0.4 0 0.17
0.4 0.1 0.17
0.4 0.1 0.14
0.4 0 0.14
0.4 0.1 0.14
0.3 0.1 0.14
0.3 0 0.14
0.3 0.1 0.17
0.3 0.1 0.14
0.4 0.1 0.14
0.4 0.1 0.17
0.3 0.1 0.17
0.3 0.1 0.14
0.3 0 0.14
0.3 0 0.17
0.3 0.1 0.17
0.4 0.1 0.17
0.4 0 0.17
0.3 0 0.17

0.1 0 0.14
0.1 0 0.17
0 0 0.17
0 0 0.14
0.1 0 0.14
0.1 0 0.17
0.1 0.1 0.17
0.1 0.1 0.14
0.1 0 0.14
0 0 0.14
0 0.1 0.14
0.1 0.1 0.14
0 0.1 0.14
0 0.1 0.17
0 0 0.14
0 0 0.17
0 0.1 0.17
0 0.1 0.14
0.1 0.1 0.14
0.1 0.1 0.17
0 0.1 0.17
0.1 0.1 0.17
0.1 0 0.17
0 0 0.17